7.1 3.0 5.9 2.1 2
4.4 3.2 1.3 0.2 0
6.9 3.1 5.1 2.3 2
7.7 3.0 6.1 2.3 2
6.3 3.3 4.7 1.6 1
5.2 2.7 3.9 1.4 1
6.4 2.7 5.3 1.9 2
5.7 3.0 4.2 1.2 1
5.4 3.4 1.7 0.2 0
7.7 2.8 6.7 2.0 2
4.6 3.2 1.4 0.2 0
5.0 3.5 1.6 0.6 0
5.4 3.4 1.5 0.4 0
5.2 3.5 1.5 0.2 0
7.1 3.0 5.9 2.1 2
5.9 3.0 5.1 1.8 2
6.4 3.2 5.3 2.3 2
5.0 3.5 1.6 0.6 0
5.5 2.6 4.4 1.2 1
6.3 2.9 5.6 1.8 2
5.1 3.5 1.4 0.3 0
5.1 3.5 1.4 0.2 0
4.8 3.0 1.4 0.3 0
7.7 3.0 6.1 2.3 2
4.6 3.2 1.4 0.2 0
6.4 2.8 5.6 2.1 2
5.0 3.5 1.6 0.6 0
7.7 2.8 6.7 2.0 2
4.8 3.0 1.4 0.1 0
6.4 3.2 5.3 2.3 2
7.4 2.8 6.1 1.9 2
6.0 2.7 5.1 1.6 1
6.3 3.4 5.6 2.4 2
6.0 2.7 5.1 1.6 1
5.0 2.0 3.5 1.0 1
5.2 3.5 1.5 0.2 0
5.7 3.0 4.2 1.2 1
7.2 3.0 5.8 1.6 2
6.3 3.3 4.7 1.6 1
7.2 3.0 5.8 1.6 2
7.1 3.0 5.9 2.1 2
7.7 3.0 6.1 2.3 2
7.7 3.0 6.1 2.3 2
6.6 3.0 4.4 1.4 1
5.1 3.5 1.4 0.3 0
4.4 3.2 1.3 0.2 0
6.7 3.0 5.0 1.7 1
6.1 2.6 5.6 1.4 2
6.7 3.1 4.4 1.4 1