X1,X2,X3,X4,X5,X6,X7,X8,X9,X10,X11,X12,X13,X14,Y
0,24.92,1.25,2,1,1,0,1,0,0,0,2,80,1,y0
1,25.42,0.54,2,9,4,0.165,0,1,1,0,2,272,445,y0
0,30.58,10.665,2,11,8,0.085,0,1,12,1,2,129,4,y0
0,39.08,4,2,8,4,3,0,0,0,0,2,480,1,y0
1,26.92,2.25,2,3,5,0.5,0,0,0,1,2,640,4001,y0
1,26.75,2,2,2,4,0.75,0,0,0,1,2,80,1,y0
1,49.17,2.29,2,1,1,0.29,0,0,0,0,2,200,4,y0
1,33,2.5,1,9,4,7,0,0,0,1,2,280,1,y0
0,50.25,0.835,2,6,4,0.5,0,0,0,1,2,240,118,y0
1,31.83,2.5,2,6,4,7.5,1,0,0,1,2,523,1,y0
1,19.58,0.585,2,1,1,0,0,1,3,0,2,350,770,y0
1,16.92,0.335,1,4,4,0.29,0,0,0,0,1,200,1,y0
1,28.92,0.375,2,8,4,0.29,0,0,0,0,2,220,141,y0
1,31.57,0.375,2,2,4,0.875,1,0,0,1,1,928,1,y0
0,19.5,0.165,2,11,4,0.04,0,0,0,1,2,380,1,y0
1,17.67,4.46,2,8,4,0.25,0,0,0,0,1,80,1,y0
0,22.75,6.165,2,6,4,0.165,0,0,0,0,2,220,1001,y0
1,63.33,0.54,2,8,4,0.585,1,1,3,1,2,180,1,y0
0,29.5,1.085,1,14,4,1,0,0,0,0,2,280,14,y0
1,17.25,3,2,4,4,0.04,0,0,0,1,2,160,41,y0
1,34.08,6.5,2,6,4,0.125,1,0,0,1,2,443,1,y0
1,37.33,2.665,2,13,4,0.165,0,0,0,1,2,0,502,y0
0,27.67,2.04,2,9,4,0.25,0,0,0,1,2,180,51,y0
0,19.17,5.415,2,3,8,0.29,0,0,0,0,2,80,485,y0
0,24.75,13.665,2,11,8,1.5,0,0,0,0,2,280,2,y0
1,25.17,3,2,8,4,1.25,0,1,1,0,2,0,23,y0
1,33.58,0.25,2,3,5,4,0,0,0,1,1,420,1,y0
0,22.5,8.5,2,11,4,1.75,1,1,10,0,2,80,991,y0
0,22.5,0.415,2,3,4,0.335,0,0,0,1,1,144,1,y0
1,31.58,0.75,1,6,4,3.5,0,0,0,1,2,320,1,y0
1,29.42,1.25,2,9,4,1.75,0,0,0,0,2,200,1,y0
1,36.17,18.125,2,9,4,0.085,0,0,0,0,2,320,3553,y0
0,33.75,0.75,2,4,5,1,1,1,3,1,2,212,1,y0
1,31,2.085,2,8,4,0.085,0,0,0,0,2,300,1,y0
1,26.25,1.54,2,9,4,0.125,0,0,0,0,2,100,1,y0
0,31.75,3,1,5,3,0,0,0,0,0,2,160,21,y0
1,34.58,0,2,8,4,0,0,0,0,0,3,184,1,y0
1,30.17,1.085,1,8,4,0.04,0,0,0,0,2,170,180,y0
0,30.42,1.375,2,9,8,0.04,0,1,3,0,2,0,34,y0
1,54.58,9.415,2,1,1,14.415,1,1,11,1,2,30,301,y1
1,21.83,11,2,14,4,0.29,1,1,6,0,2,121,1,y1
1,18,0.165,2,11,7,0.21,0,0,0,0,2,200,41,y1
0,22.58,10.75,2,11,4,0.415,1,1,5,1,2,0,561,y1
1,32.25,0.165,1,8,8,3.25,1,1,1,1,2,432,8001,y1
1,37.42,2.04,2,9,4,0.04,1,0,0,1,2,400,5801,y1
0,28.5,3.04,1,14,8,2.54,1,1,1,0,2,70,1,y1
0,36,1,2,8,4,2,1,1,11,0,2,0,457,y1
0,45.83,10.5,2,11,4,5,1,1,7,1,2,0,1,y1
1,21.33,7.5,2,6,4,1.415,1,1,1,0,2,80,9801,y1
1,65.42,11,2,10,9,20,1,1,7,1,2,22,1,y1
1,19.17,9.5,2,9,4,1.5,1,0,0,0,2,120,2207,y1
0,60.58,16.5,2,11,4,11,1,0,0,1,2,21,10562,y1
1,67.75,5.5,2,10,9,13,1,1,1,1,2,0,1,y1
1,48.58,0.205,1,4,4,0.25,1,1,11,0,2,380,2733,y1
1,23.17,11.125,2,14,8,0.46,1,1,1,0,2,100,1,y1
1,32.67,9,1,9,8,5.25,1,0,0,1,2,154,1,y1
0,18.92,9.25,1,8,4,1,1,1,4,1,2,80,501,y1
1,31.92,4.46,2,13,8,6.04,1,1,3,0,2,311,301,y1
1,36.67,3.25,2,11,8,9,1,0,0,1,2,102,640,y1
1,39,5,2,13,4,3.5,1,1,10,1,2,0,1,y1
0,36.75,5.125,2,10,4,5,1,0,0,1,2,0,4001,y1
1,25.75,0.5,2,8,4,1.46,1,1,5,1,2,312,1,y1
1,51.33,10,2,3,5,0,1,1,11,0,2,0,1250,y1
0,28.17,0.375,2,11,4,0.585,1,1,4,0,2,80,1,y1
1,44.33,0.5,2,3,8,5,1,0,0,1,2,320,1,y1
1,23.92,1.5,2,2,8,1.875,1,1,6,0,2,200,328,y1
1,20.17,8.17,2,6,4,1.96,1,1,14,0,2,60,159,y1
0,28.42,3.5,2,9,4,0.835,1,0,0,0,1,280,1,y1
0,20.42,7.5,2,4,4,1.5,1,1,1,0,2,160,235,y1
0,24.5,1.75,1,8,4,0.165,0,0,0,0,2,132,1,y0
0,19.58,0.665,1,8,4,1,0,1,1,0,2,2000,3,y0
0,20.83,0.5,1,10,2,1,0,0,0,0,2,260,1,y0
0,23.5,1.5,2,9,4,0.875,0,0,0,1,2,160,1,y0
1,17.92,0.205,2,6,4,0.04,0,0,0,0,2,280,751,y0
0,25.33,2.085,2,8,8,2.75,1,0,0,1,2,360,2,y0
0,40.83,3.5,2,3,5,0.5,0,0,0,0,1,1160,1,y0
1,34.17,2.75,2,3,5,2.5,0,0,0,1,2,232,201,y0
1,22.58,1.5,1,6,4,0.54,0,0,0,1,2,120,68,y0
0,22.92,1.25,2,11,4,0.25,0,0,0,1,2,120,810,y0
0,17.33,9.5,2,6,4,1.75,0,1,10,1,2,0,11,y0
1,35.25,3.165,2,14,8,3.75,1,0,0,1,2,680,1,y0
1,40.92,0.835,2,1,1,0,1,0,0,0,2,130,2,y0
1,21.5,9.75,2,8,4,0.25,1,0,0,0,2,140,1,y0
0,16.5,1.25,2,11,4,0.25,0,1,1,0,2,108,99,y0
1,32.42,2.165,1,4,1,0,0,0,0,0,2,120,1,y0
1,32.33,2.5,2,8,4,1.25,0,0,0,1,2,280,1,y0
1,48.08,3.75,2,3,5,1,0,0,0,0,2,100,3,y0
1,20.67,0.415,2,8,4,0.125,0,0,0,0,2,0,45,y0
1,21.42,0.75,1,12,7,0.75,0,0,0,1,2,132,3,y0
0,38.75,1.5,2,1,1,0,0,0,0,0,2,76,1,y0
1,25.83,12.835,2,13,4,0.5,0,0,0,0,2,0,3,y0
0,19.58,0.665,2,9,4,1.665,0,0,0,0,2,220,6,y0
1,25.92,0.875,2,4,4,0.375,0,1,2,1,2,174,4,y0
1,44.83,7,1,8,4,1.625,0,0,0,0,2,160,3,y0
1,23.92,0.585,1,13,8,0.125,0,0,0,0,2,240,2,y0
1,18.83,3.54,1,1,1,0,0,0,0,1,2,180,2,y0
1,19.42,1.5,1,13,4,2,1,0,0,1,2,100,21,y0
1,23.08,0,2,4,4,1,0,1,11,0,1,0,1,y0
1,36.33,3.79,2,9,4,1.165,1,0,0,1,2,200,1,y0
0,17.92,10.21,2,1,1,0,0,0,0,0,2,0,51,y0
1,29.5,0.58,2,9,4,0.29,0,1,1,0,2,340,2804,y0
1,41.58,1.75,2,4,4,0.21,1,0,0,0,2,160,1,y0
1,21.08,10.085,1,10,8,1.25,0,0,0,0,2,260,1,y0
1,18.08,6.75,1,7,4,0.04,0,0,0,0,2,140,1,y0
1,18.33,1.21,1,10,2,0,0,0,0,0,2,100,1,y0
1,25,12,2,4,4,2.25,1,1,2,1,2,120,6,y0
1,32.25,14,1,1,1,0,0,1,2,0,2,160,2,y0
1,23.5,2.75,2,1,1,4.5,0,0,0,0,2,160,26,y0
1,27.67,2,2,14,8,1,1,1,4,0,2,140,7545,y1
1,23.25,4,2,8,5,0.25,1,0,0,1,2,160,1,y1
0,57.08,19.5,2,8,4,5.5,1,1,7,0,2,0,3001,y1
0,20.67,3,2,11,4,0.165,1,1,3,0,2,100,7,y1
1,54.42,0.5,1,4,8,3.96,1,0,0,0,2,180,315,y1
0,18.42,9.25,2,11,4,1.21,1,1,4,0,2,60,541,y1
1,26.67,1.75,1,8,4,1,1,1,5,1,2,160,5778,y1
0,29.5,0.46,2,4,4,0.54,1,1,4,0,2,380,501,y1
1,24.17,0.875,2,11,4,4.625,1,1,2,1,2,520,2001,y1
0,18.08,0.375,3,13,1,10,0,0,0,1,1,300,1,y1
1,34.17,5.25,2,9,4,0.085,0,0,0,1,2,290,7,y1
0,47.42,8,2,10,5,6.5,1,1,6,0,2,375,51101,y1
1,33.58,2.75,2,7,4,4.25,1,1,6,0,2,204,1,y1
0,22.42,11.25,1,14,8,0.75,1,1,4,0,2,0,322,y1
1,42,0.205,2,3,8,5.125,1,0,0,0,2,400,1,y1
0,65.17,14,2,1,1,0,1,1,11,1,2,0,1401,y1
1,20.42,1.835,2,8,4,2.25,1,1,1,0,2,100,151,y1
1,26.67,4.25,2,13,4,4.29,1,1,1,1,2,120,1,y1
0,52.83,15,2,8,4,5.5,1,1,14,0,2,0,2201,y1
0,68.67,15,2,10,9,0,1,1,14,0,2,0,3377,y1
0,22.83,2.29,2,11,8,2.29,1,1,7,1,2,140,2385,y1
0,60.92,5,2,6,4,4,1,1,4,0,2,0,100,y1
0,41,2.04,1,11,8,0.125,1,1,23,1,2,455,1237,y1
1,23.92,0.665,2,8,4,0.165,0,0,0,0,2,100,1,y1
1,22.67,0.165,2,8,3,2.25,0,0,0,1,1,0,1,y1
1,31.57,10.5,2,14,4,6.5,1,0,0,0,2,0,1,y1
0,49.83,13.585,2,4,8,8.5,1,0,0,1,2,0,1,y1
0,20.75,10.25,2,11,4,0.71,1,1,2,1,2,49,1,y1
1,20.25,9.96,2,10,2,0,1,0,0,0,2,0,1,y1
0,20.5,11.835,2,8,8,6,1,0,0,0,2,340,1,y1
1,22.92,3.165,1,8,4,0.165,0,0,0,0,2,160,1059,y0
0,22.67,0.335,2,11,4,0.75,0,0,0,0,1,160,1,y0
1,22.17,12.125,2,8,4,3.335,0,1,2,1,2,180,174,y0
1,20.08,0.25,2,11,4,0.125,0,0,0,0,2,200,1,y0
1,19.67,10,1,4,8,0.835,1,0,0,1,2,140,1,y0
1,39.58,5,2,1,1,0,0,1,2,0,2,17,2,y0
1,23,0.75,2,7,4,0.5,1,0,0,1,1,320,1,y0
1,35.58,0.75,2,4,4,1.5,0,0,0,1,2,231,1,y0
1,48.75,26.335,1,1,1,0,1,0,0,1,2,0,1,y0
1,21.17,0.25,1,8,8,0.25,0,0,0,0,2,280,205,y0
1,16.5,0.125,2,8,4,0.165,0,0,0,0,2,132,1,y0
0,57.08,0.335,2,3,5,1,1,0,0,1,2,252,2198,y0
1,18.58,10.29,2,1,1,0.415,0,0,0,0,2,80,1,y0
1,32.75,2.335,2,2,8,5.75,0,0,0,1,2,292,1,y0
1,42.83,1.25,2,7,4,13.875,0,1,1,1,2,352,113,y0
1,34,5.085,1,3,5,1.085,0,0,0,1,2,480,1,y0
1,28,3,2,9,4,0.75,0,0,0,1,2,300,68,y0
1,54.83,15.5,2,10,9,0,1,1,20,0,2,152,131,y0
1,16.33,4.085,2,3,8,0.415,0,0,0,1,2,120,1,y0
1,17.08,0.085,1,8,4,0.04,0,0,0,0,2,140,723,y0
1,31.57,0.04,1,2,4,4.25,0,0,0,1,2,460,1,y0
1,27.67,0.75,2,11,8,0.165,0,0,0,1,2,220,252,y0
0,16,0.165,2,6,4,1,0,1,2,1,2,320,2,y0
0,26.58,2.54,1,1,1,0,0,0,0,1,2,180,61,y0
1,51.83,3,1,1,1,1.5,0,0,0,0,2,180,5,y0
1,29.83,1.25,1,4,4,0.25,0,0,0,0,2,224,1,y0
1,20.67,5.29,2,11,4,0.375,1,1,1,0,2,160,1,y0
1,34.83,2.5,1,9,4,3,0,0,0,0,1,200,1,y0
1,31.08,3.085,2,8,4,2.5,0,1,2,1,2,160,42,y0
0,25.25,13.5,1,1,1,2,0,1,1,1,2,200,2,y0
0,24.58,0.67,2,6,8,1.75,1,0,0,0,2,400,1,y0
1,23.58,0.835,2,3,8,0.085,0,0,0,1,2,220,6,y0
1,34.08,2.5,2,8,4,1,0,0,0,0,2,460,17,y0
0,25.25,12.5,2,2,4,1,0,0,0,1,2,180,1063,y0
1,20.67,0.835,1,8,4,2,0,0,0,1,1,240,1,y0
1,31.57,0.5,2,8,5,0.835,1,0,0,1,1,320,1,y0
0,28.58,3.75,2,8,4,0.25,0,1,1,1,2,40,155,y0
0,36.58,0.29,2,1,1,0,0,1,10,0,2,200,19,y0
1,28.67,14.5,2,2,4,0.125,0,0,0,0,2,0,287,y0
1,32.83,2.5,2,13,8,2.75,1,1,6,0,2,160,2073,y1
1,39.08,6,2,7,4,1.29,1,1,5,1,2,108,1098,y1
1,34.92,2.5,2,9,4,0,1,0,0,1,2,239,201,y1
0,50.08,12.54,2,6,4,2.29,1,1,3,1,2,156,1,y1
1,42.5,4.915,1,9,4,3.165,1,0,0,1,2,52,1443,y1
0,46,4,2,5,3,0,1,0,0,0,2,100,961,y1
0,44.17,6.665,2,11,4,7.375,1,1,3,1,2,0,1,y1
1,39.58,13.915,2,9,4,8.625,1,1,6,1,2,70,1,y1
1,23.33,1.5,2,8,8,1.415,1,0,0,0,2,422,201,y1
0,22.5,8.46,1,14,4,2.46,0,0,0,0,2,164,1,y1
1,27,0.75,2,8,8,4.25,1,1,3,1,2,312,151,y1
1,30.17,0.5,2,8,4,1.75,1,1,11,0,2,32,541,y1
1,21,4.79,1,9,4,2.25,1,1,1,1,2,80,301,y1
1,20.5,2.415,2,8,4,2,1,1,11,1,2,200,3001,y1
1,48.58,6.5,2,11,8,6,1,0,0,1,2,350,1,y1
1,25.17,6,2,8,4,1,1,1,3,0,2,0,1,y1
1,38.58,3.335,2,9,4,4,1,1,14,0,2,383,1345,y1
1,41.42,5,2,11,8,5,1,1,6,1,2,470,1,y1
1,19.42,6.5,2,9,8,1.46,1,1,7,0,2,80,2955,y1
0,30.67,12,2,8,4,2,1,1,1,0,2,220,20,y1
1,29.67,1.415,2,9,8,0.75,1,1,1,0,2,240,101,y1
0,22.42,5.665,2,11,4,2.585,1,1,7,0,2,129,3258,y1
1,31.57,4,2,14,4,5,1,1,3,1,2,290,2280,y1
1,40.58,5,2,8,4,5,1,1,7,0,2,0,3066,y1
1,33.17,3.04,1,8,8,2.04,1,1,1,1,2,180,18028,y1
1,39.92,6.21,2,11,4,0.04,1,1,1,0,2,200,301,y1
1,24.33,6.625,1,2,4,5.5,1,0,0,1,1,100,1,y1
0,27.42,14.5,2,14,8,3.085,1,1,1,0,2,120,12,y1
0,30.5,6.5,2,8,5,4,1,1,7,1,2,0,3066,y1
1,23.08,11.5,2,9,8,2.125,1,1,11,1,2,290,285,y1
0,16.92,0.5,2,3,4,0.165,0,1,6,1,2,240,36,y0
0,51.92,6.5,2,3,5,3.085,0,0,0,1,2,73,1,y0
0,20.83,8.5,2,8,4,0.165,0,0,0,0,2,0,352,y0
1,22.17,2.25,2,3,4,0.125,0,0,0,0,2,160,11,y0
1,20.42,1.085,2,11,4,1.5,0,0,0,0,2,108,8,y0
1,39.42,1.71,1,7,4,0.165,0,0,0,0,1,400,1,y0
1,47.17,5.835,2,9,4,5.5,0,0,0,0,2,465,151,y0
0,57.58,2,2,1,1,6.5,0,1,1,0,2,0,11,y0
1,28.75,1.5,1,8,4,1.5,1,0,0,1,2,0,226,y0
1,41.17,1.25,1,9,4,0.25,0,0,0,0,2,0,196,y0
1,29.67,0.75,1,8,4,0.04,0,0,0,0,2,240,1,y0
1,33.67,2.165,2,8,4,1.5,0,0,0,0,3,120,1,y0
1,32.42,3,2,2,4,0.165,0,0,0,1,2,120,1,y0
1,28.58,3.625,2,6,4,0.25,0,0,0,1,2,100,1,y0
0,16.33,0.21,2,6,4,0.125,0,0,0,0,2,200,2,y0
0,42.25,1.75,1,8,4,0,0,0,0,1,2,150,2,y0
1,34.25,1.75,2,9,5,0.25,1,0,0,1,2,163,1,y0
1,24.58,12.5,2,9,4,0.875,1,0,0,1,2,260,1,y0
1,22.25,9,2,6,4,0.085,0,0,0,0,2,0,1,y0
1,21.5,11.5,2,3,4,0.5,1,0,0,1,2,100,69,y0
1,18.58,5.71,2,2,4,0.54,0,0,0,0,2,120,1,y0
1,27.83,1,1,2,8,3,0,0,0,0,2,176,538,y0
0,20.75,9.54,2,3,4,0.04,0,0,0,0,2,200,1001,y0
1,30.67,2.5,2,13,8,2.25,0,0,0,1,1,340,1,y0
0,23.58,11.5,1,4,8,3,0,0,0,1,2,20,17,y0
0,22.67,7,2,8,4,0.165,0,0,0,0,2,160,1,y0
0,26.17,2,2,5,3,0,0,0,0,1,2,276,2,y0
1,26.75,4.5,1,8,5,2.5,0,0,0,0,2,200,1211,y0
1,44.25,0.5,2,7,4,10.75,1,0,0,0,1,400,1,y0
1,37.17,4,2,8,5,5,1,0,0,1,1,280,1,y0
1,26.67,14.585,2,3,5,0,0,0,0,1,2,178,1,y0
1,18.42,10.415,1,6,4,0.125,1,0,0,0,2,120,376,y0
1,37.5,1.75,1,8,5,0.25,1,0,0,1,2,164,401,y0
0,69.5,6,2,1,1,0,0,0,0,0,1,0,1,y0
1,19,1.75,1,8,4,2.335,0,0,0,1,2,112,7,y0
0,56.83,4.25,1,1,1,5,0,0,0,1,2,0,5,y0
1,23.42,1,2,8,4,0.5,0,0,0,1,1,280,1,y0
1,31.08,1.5,1,9,4,0.04,0,0,0,0,1,160,1,y0
1,16.08,0.75,2,8,4,1.75,1,1,5,1,2,352,691,y1
1,42,9.79,2,14,8,7.96,1,1,8,0,2,0,1,y1
0,20.08,0.125,2,11,4,1,0,1,1,0,2,240,769,y1
0,26.08,8.665,2,6,4,1.415,1,0,0,0,2,160,151,y1
1,34.25,3,2,13,8,7.415,1,0,0,1,2,0,1,y1
1,22.08,11,2,13,4,0.665,1,0,0,0,2,100,1,y1
0,23.42,0.79,1,11,4,1.5,1,1,2,1,2,80,401,y1
1,20.5,10,1,8,4,2.5,1,0,0,0,1,40,1,y1
1,22.67,1.585,1,9,4,3.085,1,1,6,0,2,80,1,y1
1,25.08,1.71,2,14,4,1.665,1,1,1,1,2,395,21,y1
1,27.83,1.5,2,9,4,2,1,1,11,1,2,434,36,y1
1,34.08,0.08,1,7,5,0.04,1,1,1,1,2,280,2001,y1
1,25.17,3.5,2,13,4,0.625,1,1,7,0,2,0,7060,y1
1,20.42,7,2,8,4,1.625,1,1,3,0,2,200,1392,y1
1,39.92,0.54,1,6,4,0.5,1,1,3,0,2,200,1001,y1
1,48.25,25.085,2,9,4,1.75,1,1,3,0,2,120,15,y1
0,32.33,0.54,2,13,4,0.04,1,0,0,0,2,440,11178,y1
0,19.17,8.585,2,13,8,0.75,1,1,7,0,2,96,1,y1
1,28,2,2,4,8,4.165,1,1,2,1,2,181,1,y1
0,25.75,0.5,2,8,8,0.875,1,0,0,1,2,491,1,y1
0,24.5,12.75,2,8,5,4.75,1,1,2,0,2,73,445,y1
1,36.75,0.125,1,8,4,1.5,0,0,0,1,2,232,114,y1
1,52.5,6.5,2,4,4,6.29,1,1,15,0,2,0,11203,y1
0,22.92,11.585,2,13,4,0.04,1,0,0,0,2,80,1350,y1
1,26.67,2.71,1,13,4,5.25,1,1,1,0,2,211,1,y1
0,24.75,12.5,2,6,4,1.5,1,1,12,1,2,120,568,y1
1,21.33,10.5,2,8,4,3,1,0,0,1,2,0,1,y1
0,44.33,0,2,8,4,2.5,1,0,0,0,2,0,1,y1
1,25,11.25,2,8,4,2.5,1,1,17,0,2,200,1209,y1
0,58.67,4.46,2,11,8,3.04,1,1,6,0,2,43,561,y1
1,31.33,19.5,2,8,4,7,1,1,16,0,2,0,5001,y1
1,23.75,12,2,8,4,2.085,0,0,0,0,1,80,1,y0
1,43.17,2.25,2,3,5,0.75,1,0,0,0,2,560,1,y0
0,22.5,11,1,11,4,3,1,0,0,1,2,268,1,y0
0,33.25,3,1,6,4,2,0,0,0,0,2,180,1,y0
1,74.83,19,1,1,1,0.04,0,1,2,0,2,0,352,y0
1,43.25,25.21,2,11,8,0.21,1,1,1,0,2,760,91,y0
0,24.33,2.5,1,3,5,4.5,0,0,0,0,2,200,457,y0
0,29.5,2,1,10,8,2,0,0,0,0,2,256,18,y0
1,24.08,0.875,2,7,4,0.085,0,1,4,0,2,254,1951,y0
1,24.58,1.25,2,8,4,0.25,0,0,0,0,2,110,1,y0
1,25.25,1,2,6,4,0.5,0,0,0,0,2,200,1,y0
1,16.25,0.835,2,7,4,0.085,1,0,0,0,1,200,1,y0
0,49,1.5,2,5,3,0,1,0,0,1,2,100,28,y0
1,62.5,12.75,1,8,8,5,1,0,0,0,2,112,1,y0
0,38.58,5,2,13,4,13.5,1,0,0,1,2,980,1,y0
1,18.25,0.165,2,2,4,0.25,0,0,0,1,1,280,1,y0
1,25.67,0.29,1,8,4,1.5,0,0,0,1,2,160,1,y0
1,19.17,4,1,3,4,1,0,0,0,1,2,360,1001,y0
1,27.42,12.5,2,6,5,0.25,0,0,0,1,2,720,1,y0
1,30.58,2.71,1,7,4,0.125,0,0,0,1,1,80,1,y0
1,31.57,5,1,6,4,8.5,1,0,0,0,2,0,1,y0
0,18.58,10,2,2,4,0.415,0,0,0,0,2,80,43,y0
1,23.5,3.165,1,4,4,0.415,0,1,1,1,2,280,81,y0
0,37.33,2.5,2,3,8,0.21,0,0,0,0,2,260,247,y0
1,22.25,0.46,2,4,4,0.125,0,0,0,1,2,280,56,y0
1,23.42,0.585,2,8,8,0.085,1,0,0,0,2,180,1,y0
0,40.33,8.125,1,4,4,0.165,0,1,2,0,2,184,19,y0
1,20.42,0,2,8,4,0,0,0,0,0,3,184,1,y0
1,39.92,5,2,3,5,0.21,0,0,0,0,2,550,1,y0
0,20.42,10.5,1,14,8,0,0,0,0,1,2,154,33,y0
1,33.58,0.335,1,13,4,0.085,0,0,0,0,2,180,1,y0
1,29.58,4.75,2,7,4,2,0,1,1,1,2,460,69,y0
1,20,7,2,8,4,0.5,0,0,0,0,2,0,1,y0
1,27.75,1.29,2,4,8,0.25,0,0,0,1,1,140,1,y0
1,27.25,0.625,2,6,4,0.455,1,0,0,1,2,200,1,y0
0,16.08,0.335,2,1,1,0,0,1,1,0,2,160,127,y0
1,22.08,2.335,2,4,4,0.75,0,0,0,0,2,180,1,y0
1,52.33,1.375,1,8,8,9.46,1,0,0,1,2,200,101,y0
1,23.25,1,2,8,4,0.835,1,0,0,0,1,300,1,y1
1,35.17,4.5,2,14,8,5.75,0,0,0,1,1,711,1,y1
0,20.83,3,2,6,4,0.04,1,0,0,0,2,100,1,y1
1,32.67,5.5,2,11,8,5.5,1,1,12,1,2,408,1001,y1
0,23.5,9,2,11,4,8.5,1,1,5,1,2,120,1,y1
0,19.67,0.21,2,11,8,0.29,1,1,11,0,2,80,100,y1
1,44,2,2,7,4,1.75,1,1,2,1,2,0,16,y1
1,30.17,6.5,2,13,4,3.125,1,1,8,0,2,330,1201,y1
1,32,1.75,1,10,8,0.04,1,0,0,1,2,393,1,y1
1,21.92,0.54,1,14,4,0.04,1,1,1,1,2,840,60,y1
0,41.33,1,2,3,5,2.25,1,0,0,1,2,0,301,y1
1,24.42,12.335,2,11,8,1.585,1,0,0,1,2,120,1,y1
1,22.33,11,2,9,4,2,1,1,1,0,2,80,279,y1
1,29.25,14.79,2,6,4,5.04,1,1,5,1,2,168,1,y1
0,71.58,0,2,8,4,0,0,0,0,0,3,184,1,y1
1,29.92,1.835,2,8,8,4.335,1,0,0,0,2,260,201,y1
1,37.58,0,2,8,4,0,0,0,0,0,3,184,1,y1
0,35.42,12,2,11,8,14,1,1,8,0,2,0,6591,y1
1,23.33,11.625,1,9,4,0.835,1,0,0,1,2,160,301,y1
1,28.92,15,2,8,8,5.335,1,1,11,0,2,0,2284,y1
1,18.08,5.5,2,4,4,0.5,1,0,0,0,2,80,1,y1
1,48.17,7.625,2,9,8,15.5,1,1,12,0,2,0,791,y1
1,33.17,1,2,14,4,0.75,1,1,7,1,2,340,4072,y1
1,34.75,15,2,12,7,5.375,1,1,9,1,2,0,135,y1
1,47.67,0.29,2,8,5,15,1,1,20,0,2,0,15001,y1
0,23,11.75,2,14,8,0.5,1,1,2,1,2,300,552,y1
0,35.75,0.915,2,6,4,0.75,1,1,4,0,2,0,1584,y1
1,41.75,0.96,2,14,4,2.5,1,0,0,0,2,510,601,y1
1,49.5,7.585,2,3,5,7.585,1,1,15,1,2,0,5001,y1
0,20.33,10,2,8,8,1,1,1,4,0,2,50,1466,y1
0,46.67,0.46,2,13,8,0.415,1,1,11,1,2,440,7,y1
0,19.17,0.585,1,6,4,0.585,1,0,0,1,2,160,1,y0
1,25.58,0.335,2,4,8,3.5,0,0,0,1,2,340,1,y0
1,31.83,0.04,1,7,4,0.04,0,0,0,0,2,0,1,y0
1,36.17,0.42,1,9,4,0.29,0,0,0,1,2,309,3,y0
0,55.75,7.08,2,4,8,6.75,1,1,3,1,2,100,51,y0
1,22.75,11.5,2,3,4,0.415,0,0,0,0,2,0,1,y0
1,31.57,4,1,3,4,0.085,0,0,0,1,2,411,1,y0
1,23,0.625,1,6,4,0.125,1,0,0,0,2,180,2,y0
1,69.17,9,2,1,1,4,0,1,1,0,2,70,7,y0
0,48.17,1.335,2,3,7,0.335,0,0,0,0,2,0,121,y0
1,25.67,3.25,2,8,8,2.29,0,1,1,1,2,416,22,y0
1,31.57,0.625,2,4,4,0.25,0,0,0,0,2,380,2011,y0
1,19.33,10.915,2,8,5,0.585,0,1,2,1,2,200,8,y0
1,39.17,2.5,1,3,8,10,0,0,0,1,1,200,1,y0
0,21.92,11.665,2,4,8,0.085,0,0,0,0,2,320,6,y0
0,26.5,2.71,1,8,4,0.085,0,0,0,0,1,80,1,y0
1,49.58,19,2,1,1,0,1,1,1,0,2,94,1,y0
1,42.75,4.085,2,6,4,0.04,0,0,0,0,2,108,101,y0
1,23,0.75,2,7,4,0.5,0,0,0,1,1,320,1,y0
0,28.58,3.54,2,3,5,0.5,1,0,0,1,2,171,1,y0
0,25,11,1,6,4,4.5,1,0,0,0,2,120,1,y0
0,29.58,1.75,1,4,4,1.25,0,0,0,1,2,280,1,y0
1,29.25,13,2,2,8,0.5,0,0,0,0,2,228,1,y0
0,28.17,0.585,2,6,4,0.04,0,0,0,0,2,260,1005,y0
1,21.08,4.125,1,3,8,0.04,0,0,0,0,2,140,101,y0
0,17.67,0,1,5,1,0,0,0,0,0,2,86,1,y0
1,18.67,5,2,11,4,0.375,1,1,2,0,2,0,39,y0
1,34.42,1.335,2,3,5,0.125,0,0,0,1,2,440,4501,y0
1,34,5.5,1,8,4,1.5,0,0,0,1,2,60,1,y0
1,24.75,0.54,2,7,4,1,0,0,0,1,2,120,2,y0
0,22.67,0.79,2,3,4,0.085,0,0,0,0,2,144,1,y0
0,32.25,1.5,2,8,4,0.25,0,0,0,1,2,372,123,y0
1,22.92,0.17,2,7,4,0.085,0,0,0,0,1,0,1,y0
1,58.58,2.71,2,8,4,2.415,0,0,0,1,2,320,1,y0
0,52.17,0,1,1,1,0,0,0,0,0,2,0,1,y0
0,21.08,5,1,1,1,0,0,0,0,0,2,0,1,y0
1,38.42,0.705,2,8,4,0.375,0,1,2,0,2,225,501,y0
1,27.83,4,1,3,8,5.75,1,1,2,1,2,75,1,y0
1,43,0.29,1,13,8,1.75,1,1,8,0,2,100,376,y1
1,56.42,28,1,8,4,28.5,1,1,40,0,2,0,16,y1
0,46.08,3,2,8,4,2.375,1,1,8,1,2,396,4160,y1
1,41.33,0,2,8,5,15,1,0,0,0,2,0,1,y1
1,21.25,1.5,2,9,4,1.5,0,0,0,0,2,150,9,y1
0,28.08,15,1,10,9,0,1,0,0,0,2,0,13213,y1
1,48.08,6.04,2,4,4,0.04,0,0,0,0,2,0,2691,y1
1,41,0.04,2,10,4,0.04,0,1,1,0,1,560,1,y1
1,27.58,2.04,1,6,4,2,1,1,3,1,2,370,561,y1
1,39.17,1.71,2,14,4,0.125,1,1,5,1,2,480,1,y1
1,25.5,0.375,2,7,4,0.25,1,1,3,0,2,260,15109,y1
1,56.75,12.25,2,7,4,1.25,1,1,4,1,2,200,1,y1
1,27,1.5,1,9,4,0.375,1,0,0,1,2,260,1066,y1
1,26.17,0.25,2,3,5,0,1,0,0,1,2,0,1,y1
1,18.5,2,2,3,4,1.5,1,1,2,0,2,120,301,y1
1,31.67,0.83,2,14,4,1.335,1,1,8,1,2,303,3291,y1
0,24.5,0.5,2,11,8,1.5,1,0,0,0,2,280,825,y1
1,33.17,1.04,2,12,8,6.5,1,0,0,1,2,164,31286,y1
0,15.83,0.585,2,8,8,1.5,1,1,2,0,2,100,1,y1
0,56.5,16,2,5,1,0,1,1,15,0,2,0,248,y1
0,18.83,4.415,1,8,8,3,1,0,0,0,2,240,1,y1
0,41.17,6.5,2,11,4,0.5,1,1,3,1,2,145,1,y1
1,37.33,6.5,2,7,8,4.25,1,1,12,1,2,93,1,y1
0,28.67,1.04,2,8,4,2.5,1,1,5,1,2,300,1431,y1
1,73.42,17.75,2,1,1,0,1,0,0,1,2,0,1,y1
1,57.42,8.5,2,10,8,7,1,1,3,0,2,0,1,y1
1,32.08,4,2,7,4,2.5,1,0,0,1,2,360,1,y1
1,43.08,0.375,1,8,4,0.375,1,1,8,1,2,300,163,y1
1,20.17,9.25,2,8,4,1.665,1,1,3,1,2,40,29,y1
1,24.83,2.75,2,8,4,2.25,1,1,6,0,2,184,601,y1
1,39.25,9.5,2,7,4,6.5,1,1,14,0,2,240,4608,y1
1,16,3.125,2,9,4,0.085,0,1,1,0,2,0,7,y0
1,35.75,2.415,2,9,4,0.125,0,1,2,0,2,220,2,y0
0,21.75,11.75,2,8,4,0.25,0,0,0,1,2,180,1,y0
1,31.25,2.835,2,1,1,0,0,1,5,0,2,176,147,y0
0,34.83,1.25,1,3,8,0.5,0,0,0,1,2,160,1,y0
0,35.17,3.75,2,1,1,0,0,1,6,0,2,0,201,y0
1,21.17,0,2,8,4,0.5,0,0,0,1,1,0,1,y0
0,31.57,1.5,2,1,1,0,0,1,2,1,2,200,106,y0
1,43.17,5,2,3,5,2.25,0,0,0,1,2,141,1,y0
1,29.83,3.5,2,8,4,0.165,0,0,0,0,2,216,1,y0
1,27.83,1.5,2,9,4,2.25,0,1,1,1,2,100,4,y0
0,53.33,0.165,2,1,1,0,0,0,0,1,1,62,28,y0
0,31.92,3.125,2,1,1,3.04,0,1,2,1,2,200,5,y0
1,40.58,1.5,2,3,5,0,0,0,0,0,1,300,1,y0
1,21.58,0.79,1,13,4,0.665,0,0,0,0,2,160,1,y0
1,41.17,1.335,2,2,4,0.165,0,0,0,0,2,168,1,y0
1,32.33,7.5,2,10,5,1.585,1,0,0,1,1,420,1,y0
1,20.75,5.085,1,5,4,0.29,0,0,0,0,2,140,185,y0
1,30.75,1.585,2,2,4,0.585,0,0,0,1,1,0,1,y0
0,18.17,10,1,11,8,0.165,0,0,0,0,2,340,1,y0
1,22.08,11.46,2,4,4,1.585,0,0,0,1,2,100,1213,y0
1,34.75,2.5,2,13,5,0.5,0,0,0,0,2,348,1,y0
1,37.75,7,2,11,8,11.5,1,1,7,1,2,300,6,y0
1,19,0,1,1,1,0,0,1,4,0,2,45,2,y0
1,17.08,0.25,2,11,4,0.335,0,1,4,0,2,160,9,y0
1,18.83,0.415,1,8,4,0.165,0,1,1,0,2,200,2,y0
1,28.75,1.165,2,4,4,0.5,1,0,0,0,1,280,1,y0
1,30.08,1.04,1,3,5,0.5,1,1,10,1,2,132,29,y0
0,25.42,1.125,2,11,4,1.29,1,1,2,0,2,200,1,y0
0,30.25,5.5,2,4,4,5.5,0,0,0,1,1,100,1,y0
1,26.33,13,2,10,2,0,0,0,0,1,2,140,1111,y0
1,34.67,1.08,2,7,4,1.165,0,0,0,0,1,28,1,y0
1,37.5,0.835,2,10,4,0.04,0,0,0,0,2,120,6,y0
1,23.58,1.79,2,8,4,0.54,0,0,0,1,2,136,2,y0
1,40.92,2.25,1,14,8,10,1,0,0,1,2,176,1,y0
0,27.25,0.29,2,7,8,0.125,0,1,1,1,2,272,109,y0
1,36.67,2,2,3,4,0.25,0,0,0,1,2,221,1,y0
1,22.5,11.5,1,7,4,1.5,0,0,0,1,2,0,4001,y0
1,28.33,5,2,9,4,11,1,0,0,1,2,70,1,y1
0,30,5.29,2,10,2,2.25,1,1,5,1,2,99,501,y1
1,34.42,4.25,2,3,5,3.25,1,1,2,0,2,274,611,y1
0,26.92,13.5,2,11,8,5,1,1,2,0,2,0,5001,y1
1,48.17,3.5,2,6,4,3.5,1,0,0,0,1,230,1,y1
1,37.5,1.125,1,2,4,1.5,0,0,0,1,2,431,1,y1
1,35.17,2.5,2,4,4,4.5,1,1,7,0,2,150,1271,y1
1,41.5,1.54,2,3,5,3.5,0,0,0,0,2,216,1,y1
1,57.83,7.04,2,7,4,14,1,1,6,1,2,360,1333,y1
0,47.25,0.75,2,11,8,2.75,1,1,1,0,2,333,893,y1
1,33.5,1.75,2,14,8,4.5,1,1,4,1,2,253,858,y1
1,56.58,18.5,2,2,5,15,1,1,17,1,2,0,1,y1
1,21,3,1,2,4,1.085,1,1,8,1,2,160,2,y1
1,34.5,4.04,1,3,5,8.5,1,1,7,1,2,195,1,y1
1,64.08,20,2,14,8,17.5,1,1,9,1,2,0,1001,y1
1,32.75,1.5,2,13,8,5.5,1,1,3,1,2,0,1,y1
1,27.25,1.585,2,13,8,1.835,1,1,12,1,2,583,714,y1
0,20.42,0.835,2,11,4,1.585,1,1,1,0,2,0,1,y1
1,48.75,8.5,2,8,8,12.5,1,1,9,0,2,181,1656,y1
0,25,0.875,2,14,8,1.04,1,0,0,1,2,160,5861,y1
1,17.5,22,3,1,7,0,0,0,0,1,3,450,100001,y1
0,40.83,10,2,11,8,1.75,1,0,0,0,2,29,838,y1
1,22.08,0.83,2,8,8,2.165,0,0,0,1,2,128,1,y1
1,23.17,0,2,8,4,0,0,0,0,0,3,184,1,y1
0,18.83,9.54,2,6,4,0.085,1,0,0,0,2,100,1,y1
0,47,13,2,3,5,5.165,1,1,9,1,2,0,1,y1
1,22.75,11,2,11,4,2.5,1,1,7,1,2,100,810,y1
1,36.33,2.125,1,9,4,0.085,1,1,1,0,2,50,1188,y1
1,34.17,1.54,2,13,4,1.54,1,1,1,1,2,520,50001,y1
0,21.67,11.5,1,5,3,0,1,1,11,1,2,0,1,y1
1,59.5,2.75,2,9,4,1.75,1,1,5,1,2,60,59,y1
1,35,2.5,2,3,4,1,0,0,0,1,2,210,1,y0
1,39.5,1.625,2,8,4,1.5,0,0,0,0,2,0,317,y0
0,17.92,0.54,2,8,4,1.75,0,1,1,1,2,80,6,y0
1,24.58,13.5,1,1,1,0,0,0,0,0,2,184,1,y0
0,23.58,0.585,1,1,1,0.125,0,0,0,0,2,120,88,y0
1,18.17,10.25,2,8,8,1.085,0,0,0,0,2,320,14,y0
0,23,1.835,2,5,3,0,0,1,1,0,2,200,54,y0
0,27.67,1.5,2,7,4,2,1,0,0,0,1,368,1,y0
1,33.75,2.75,2,3,5,0,0,0,0,0,2,180,1,y0
0,15.83,7.625,2,11,4,0.125,0,1,1,1,2,0,161,y0
1,26.83,0.54,2,4,1,0,0,0,0,0,2,100,1,y0
1,35.25,16.5,1,8,4,4,1,0,0,0,2,80,1,y0
1,31.57,3,1,3,5,7,0,0,0,0,2,0,2,y0
0,22.25,1.25,1,1,1,3.25,0,0,0,0,2,280,1,y0
1,20,1.25,1,4,4,0.125,0,0,0,0,2,140,5,y0
1,24.42,2,2,10,2,0.165,0,1,2,0,2,320,1301,y0
1,22,7.835,1,3,5,0.165,0,0,0,1,2,184,1,y0
1,22.67,0.75,2,3,4,1.585,0,1,1,1,2,400,10,y0
0,33.25,2.5,1,8,4,2.5,0,0,0,1,2,0,3,y0
1,52.42,1.5,2,2,4,3.75,0,0,0,1,2,0,351,y0
1,16.33,2.75,2,6,4,0.665,0,1,1,0,2,80,22,y0
0,24.5,2.415,1,8,4,0,0,0,0,0,2,120,1,y0
1,38.25,10.125,1,4,4,0.125,0,0,0,0,2,160,1,y0
1,17.58,10,2,9,8,0.165,0,1,1,0,2,120,2,y0
1,42.75,3,2,3,5,1,1,0,0,0,2,0,201,y0
1,31.25,1.125,2,1,1,0,0,1,1,0,2,96,20,y0
1,50.75,0.585,2,1,1,0,0,0,0,0,2,145,1,y0
0,24.83,4.5,2,9,4,1,0,0,0,1,2,360,7,y0
1,26.17,12.5,1,4,8,1.25,0,0,0,1,2,0,18,y0
0,19.75,0.75,2,8,4,0.795,1,1,5,1,2,140,6,y0
1,21.17,0.875,1,8,8,0.25,0,0,0,0,2,280,205,y0
1,19.5,0.29,2,4,4,0.29,0,0,0,0,2,280,365,y0
1,47.33,6.5,2,8,4,1,0,0,0,1,2,0,229,y0
1,36.17,5.5,2,3,5,5,0,0,0,0,2,210,688,y0
0,21.75,1.75,1,5,3,0,0,0,0,0,2,160,1,y0
0,52.5,7,2,6,8,3,0,0,0,0,2,0,1,y0
0,29.75,0.665,2,9,4,0.25,0,0,0,1,2,300,1,y0
1,15.17,7,2,10,4,1,0,0,0,0,2,600,1,y0
1,55.92,11.5,2,1,1,5,1,1,5,0,2,0,8852,y1
1,27.25,1.665,2,13,8,5.085,1,1,9,0,2,399,828,y1
0,38.25,6,2,4,4,1,1,0,0,1,2,0,1,y1
1,60.08,14.5,2,1,1,18,1,1,15,1,2,0,1001,y1
1,38.67,0.21,2,4,4,0.085,1,0,0,1,2,280,1,y1
1,25.75,0.75,2,8,5,0.25,1,0,0,0,2,349,24,y1
1,39.33,5.875,2,13,8,10,1,1,14,1,2,399,1,y1
1,27.75,0.585,1,13,4,0.25,1,1,2,0,2,260,501,y1
0,25.08,2.54,1,6,4,0.25,1,0,0,1,2,370,1,y1
1,23.08,11.5,2,3,4,3.5,1,1,9,0,2,56,743,y1
0,40.33,7.54,1,11,8,8,1,1,14,0,2,0,2301,y1
1,41.17,4.04,2,13,8,7,1,1,8,0,2,320,1,y1
1,28.25,5.04,1,8,5,1.5,1,1,8,1,2,144,8,y1
0,37.75,5.5,2,11,4,0.125,1,0,0,1,2,228,1,y1
0,64.08,0.165,2,1,1,0,1,1,1,0,2,232,101,y1
1,42.83,4.625,2,11,4,4.58,1,0,0,0,1,0,1,y1
0,21.25,2.335,2,3,5,0.5,1,1,4,0,1,80,1,y1
1,34.92,5,2,14,8,7.5,1,1,6,1,2,0,1001,y1
1,51.42,0.04,2,14,8,0.04,1,0,0,0,2,0,3001,y1
0,18.75,7.5,2,11,4,2.71,1,1,5,0,2,184,26727,y1
1,51.58,15,2,8,4,8.5,1,1,9,0,2,0,1,y1
1,27.67,13.75,2,9,4,5.75,1,0,0,1,2,487,501,y1
0,18.92,9,2,6,4,0.75,1,1,2,0,2,88,592,y1
1,23.25,1.5,2,11,4,2.375,1,1,3,1,2,0,583,y1
0,47.42,3,2,14,4,13.875,1,1,2,1,2,519,1705,y1
1,40.25,21.5,2,10,9,20,1,1,11,0,2,0,1201,y1
1,23.17,0,2,13,4,0.085,1,0,0,0,2,0,1,y1
1,22.67,10.5,2,11,8,1.335,1,0,0,0,2,100,1,y1
0,24.08,0.5,2,11,8,1.25,1,1,1,0,2,0,679,y1
0,20.75,10.335,2,13,8,0.335,1,1,1,1,2,80,51,y1
1,26.75,1.125,2,14,8,1.25,1,0,0,0,2,0,5299,y1
1,44.25,11,1,2,4,1.5,1,0,0,0,1,0,1,y0
1,21.67,1.165,1,4,4,2.5,1,1,1,0,2,180,21,y0
0,15.92,2.875,2,11,4,0.085,0,0,0,0,2,120,1,y0
1,45.17,1.5,2,8,4,2.5,1,0,0,1,2,140,1,y0
1,22.5,0.125,1,4,4,0.125,0,0,0,0,2,200,71,y0
1,18.17,2.46,2,8,7,0.96,0,1,2,1,2,160,588,y0
0,38.33,4.415,2,8,4,0.125,0,0,0,0,2,160,1,y0
1,23.25,12.625,2,8,4,0.125,0,1,2,0,2,0,5553,y0
1,36.42,0.75,1,2,4,0.585,0,0,0,0,2,240,4,y0
0,18.25,10,2,9,4,1,0,1,1,0,2,120,2,y0
1,20.67,1.25,1,8,8,1.375,1,1,3,1,2,140,211,y0
0,24.5,1.04,1,1,1,0.5,1,1,3,0,2,180,148,y0
1,20,11.045,2,8,4,2,0,0,0,1,2,136,1,y0
0,36.75,4.71,2,1,1,0,0,0,0,0,2,160,1,y0
1,24.08,9,2,6,4,0.25,0,0,0,1,2,0,1,y0
1,33.67,1.25,2,9,4,1.165,0,0,0,0,2,120,1,y0
1,40.92,0.5,1,7,4,0.5,0,0,0,1,2,130,1,y0
1,36.08,2.54,2,1,1,0,0,0,0,0,2,0,1001,y0
1,29.83,2.04,1,14,8,0.04,0,0,0,0,2,128,2,y0
0,38.92,1.665,2,6,4,0.25,0,0,0,0,2,0,391,y0
1,22,0.79,2,9,4,0.29,0,1,1,0,2,420,284,y0
1,51.83,2.04,1,1,1,1.5,0,0,0,0,2,120,2,y0
1,17.42,6.5,2,3,4,0.125,0,0,0,0,2,60,101,y0
1,29.17,3.5,2,9,4,3.5,1,1,3,1,2,329,1,y0
0,33.92,1.585,1,1,1,0,1,0,0,0,2,320,1,y0
1,32.33,3.5,2,4,4,0.5,0,0,0,1,2,232,1,y0
1,24.5,13.335,1,6,4,0.04,0,0,0,1,2,120,476,y0
0,15.75,0.375,2,8,4,1,0,0,0,0,2,120,19,y0
1,32.92,2.5,2,6,4,1.75,0,1,2,1,2,720,1,y0
1,18.83,0,2,11,4,0.665,0,0,0,0,2,160,2,y0
1,19.5,9.585,2,6,4,0.79,0,0,0,0,2,80,351,y0
1,16.25,0,1,6,4,0.25,0,0,0,0,2,60,1,y0
1,34.83,4,2,2,5,12.5,1,0,0,1,2,184,1,y0
1,31.42,15.5,2,8,4,0.5,1,0,0,0,2,120,1,y0
1,27.58,3.25,1,11,8,5.085,0,1,2,1,2,369,2,y0
1,80.25,5.5,2,8,4,0.54,1,0,0,0,2,0,341,y0
0,45.33,1,2,11,4,0.125,0,0,0,1,2,263,1,y0
0,31.57,3.5,2,2,4,3,1,0,0,1,2,300,1,y0
1,21.83,0.25,2,2,8,0.665,1,0,0,1,2,0,1,y1
1,16.17,0.04,2,8,4,0.04,0,0,0,0,2,0,1,y1
0,23.25,5.875,2,11,4,3.17,1,1,10,0,2,120,246,y1
0,33.67,0.375,2,13,4,0.375,0,0,0,0,2,300,45,y1
1,38.17,10.125,2,14,4,2.5,1,1,6,0,2,520,197,y1
0,24.75,3,2,11,8,1.835,1,1,19,0,2,0,501,y1
0,25,12.33,2,13,8,3.5,1,1,6,0,2,400,459,y1
1,34.17,9.17,2,8,4,4.5,1,1,12,1,2,0,222,y1
1,25.67,12.5,2,13,4,1.21,1,1,67,1,2,140,259,y1
0,17.83,11,2,14,8,1,1,1,11,0,2,0,3001,y1
1,28.67,9.335,2,11,8,5.665,1,1,6,0,2,381,169,y1
1,39.5,4.25,2,8,5,6.5,1,1,16,0,2,117,1211,y1
1,28.25,0.875,2,7,4,0.96,1,1,3,1,2,396,1,y1
1,20.17,5.625,2,9,4,1.71,1,0,0,0,1,120,1,y1
1,13.75,4,1,9,4,1.75,1,1,2,1,2,120,1001,y1
0,25.58,0,2,8,4,0,0,0,0,0,3,184,1,y1
0,20.67,1.835,2,11,4,2.085,1,1,5,0,2,220,2504,y1
1,53.92,9.625,2,10,4,8.665,1,1,5,0,2,0,1,y1
1,25,12.5,2,6,4,3,1,0,0,1,1,20,1,y1
1,42.17,5.04,2,11,8,12.75,1,0,0,1,2,92,1,y1
0,21.5,6,2,6,4,2.5,1,1,3,0,2,80,919,y1
1,76.75,22.29,2,10,9,12.75,1,1,1,1,2,0,110,y1
1,33.17,3.165,1,14,4,3.165,1,1,3,1,2,380,1,y1
1,48.5,4.25,2,7,4,0.125,1,0,0,1,2,225,1,y1
1,19.33,9.5,2,11,4,1,1,0,0,1,2,60,401,y1
1,27.83,1.54,2,9,4,3.75,1,1,5,1,2,100,4,y1
0,58.42,21,2,3,5,10,1,1,13,0,2,0,6701,y1
1,56,12.5,2,4,8,8,1,0,0,1,2,24,2029,y1
1,29.58,4.5,2,9,4,7.5,1,1,2,1,2,330,1,y1
1,35.17,25.125,2,14,8,1.625,1,1,1,1,2,515,501,y1
1,54.33,6.75,2,8,8,2.625,1,1,11,1,2,0,285,y1
1,29.42,1.25,2,8,8,0.25,0,1,2,1,2,400,109,y0
1,40.58,3.29,2,7,4,3.5,0,0,0,1,1,400,1,y0
0,33.17,2.25,1,13,4,3.5,0,0,0,1,2,200,142,y0
1,32.08,4,1,13,4,1.5,0,0,0,1,2,120,1,y0
1,23.08,2.5,2,1,1,0.085,0,0,0,1,2,100,4209,y0
1,34,4.5,2,6,4,1,1,0,0,1,2,240,1,y0
0,28.5,1,2,11,4,1,1,1,2,1,2,167,501,y0
1,62.75,7,2,10,9,0,0,0,0,0,2,0,13,y0
0,27.58,3,2,7,4,2.79,0,1,1,1,2,280,11,y0
0,32,6,2,2,4,1.25,0,0,0,0,2,272,1,y0
1,30.33,0.5,2,2,8,0.085,0,0,0,1,1,252,1,y0
0,31.57,11.25,2,1,1,0,0,0,0,0,2,184,5201,y0
1,28.17,0.125,1,4,4,0.085,0,0,0,0,2,216,2101,y0
1,17.08,3.29,2,3,4,0.335,0,0,0,1,2,140,3,y0
1,35,3.375,2,8,8,8.29,0,0,0,1,2,0,1,y0
0,27.17,1.25,2,1,1,0,0,1,1,0,2,92,301,y0
1,36.5,4.25,2,11,4,3.5,0,0,0,0,2,454,51,y0
0,33.08,1.625,2,2,4,0.54,0,0,0,1,2,0,1,y0
0,28.58,1.665,2,11,4,2.415,1,0,0,1,2,440,1,y0
1,23.75,0.415,1,8,4,0.04,0,1,2,0,2,128,7,y0
1,21.92,0.5,2,8,4,0.125,0,0,0,0,2,360,1,y0
1,26.17,0.835,2,13,4,1.165,0,0,0,0,2,100,1,y0
0,41.58,1.04,2,6,4,0.665,0,0,0,0,2,240,238,y0
1,23.58,0.46,1,9,4,2.625,1,1,6,1,2,208,348,y0
1,47.83,4.165,2,14,5,0.085,0,0,0,1,2,520,1,y0
1,39.83,0.5,2,7,4,0.25,1,0,0,0,1,288,1,y0
0,45,4.585,2,4,8,1,0,0,0,1,1,240,1,y0
0,23.75,0.71,2,9,4,0.25,0,1,1,1,2,240,5,y0
1,25.67,2.21,1,6,4,4,1,0,0,0,2,188,1,y0
0,27.33,1.665,2,1,1,0,0,0,0,0,2,340,2,y0
0,20.08,1.25,2,8,4,0,0,0,0,0,2,0,1,y0
1,22.17,0.585,1,1,1,0,0,0,0,0,2,100,1,y0
0,22.67,0.75,2,8,4,2,0,1,2,1,2,200,395,y0
1,38.92,1.75,2,4,4,0.5,0,0,0,1,2,300,3,y0
0,23.58,0.83,2,11,4,0.415,0,1,1,1,2,200,12,y0
1,21.83,1.54,2,4,4,0.085,0,0,0,1,2,356,1,y0
1,20,0,2,2,4,0.5,0,0,0,0,2,144,1,y0
1,19.42,7.25,2,7,4,0.04,0,1,1,0,2,100,2,y0
1,59.67,1.54,2,11,4,0.125,1,0,0,1,2,260,1,y1
0,25.17,2.875,2,14,8,0.875,1,0,0,0,2,360,1,y1
1,36.67,4.415,1,4,4,0.25,1,1,10,1,2,320,1,y1
1,40,6.5,2,6,5,3.5,1,1,1,0,2,0,501,y1
1,42.08,1.04,2,9,4,5,1,1,6,1,2,500,10001,y1
0,33.08,4.625,2,11,8,1.625,1,1,2,0,2,0,1,y1
1,22.58,10.04,2,14,4,0.04,1,1,9,0,2,60,397,y1
1,31.67,16.165,2,2,4,3,1,1,9,0,2,250,731,y1
1,26,1,2,11,4,1.75,1,0,0,1,2,280,1,y1
1,39.17,1.625,2,8,4,1.5,1,1,10,0,2,186,4701,y1
1,36.25,5,2,8,5,2.5,1,1,6,0,2,0,368,y1
1,25.33,0.58,2,8,4,0.29,1,1,7,1,2,96,5125,y1
1,22.67,2.54,1,8,8,2.585,1,0,0,0,2,0,1,y1
1,23.08,2.5,2,8,4,1.085,1,1,11,1,2,60,2185,y1
1,47.67,2.5,2,7,5,2.5,1,1,12,1,2,410,2511,y1
1,19.17,0,1,7,5,0,0,0,0,1,1,500,2,y1
0,18.83,9.5,2,9,4,1.625,1,1,6,1,2,40,601,y1
0,17.58,9,2,6,4,1.375,1,0,0,1,2,0,1,y1
1,41.92,0.42,2,8,8,0.21,1,1,6,0,2,220,949,y1
1,43.25,3,2,11,8,6,1,1,11,0,2,80,1,y1
0,28.75,3.75,2,8,4,1.085,1,1,1,1,2,371,1,y1
1,30.83,0,2,9,4,1.25,1,1,1,0,2,202,1,y1
1,22.83,3,2,7,4,1.29,1,1,1,0,2,260,801,y1
0,58.33,10,2,11,4,4,1,1,14,0,2,0,1603,y1
1,28.25,5.125,2,14,4,4.75,1,1,2,0,2,420,8,y1
0,47.75,8,2,8,4,7.875,1,1,6,1,2,0,1261,y1
0,31.25,3.75,2,13,8,0.625,1,1,9,1,2,181,1,y1
1,19.67,0.375,2,11,4,2,1,1,2,1,2,80,1,y1
1,48.33,12,2,7,4,16,1,0,0,0,1,110,1,y1
1,45,8.5,2,13,8,14,1,1,1,1,2,88,2001,y1
0,32.17,1.46,2,9,4,1.085,1,1,16,0,2,120,2080,y1
